==============================================================
Guild: Squid's Ocean
Channel: Ruined areas / ruined-temple
==============================================================

[01-Feb-22 07:49 PM] Squid#0064
01010110 01000111 01101000 01101100 01001001 01000111 01100100 01110110 01011010 01000011 01000010 01101111 01011001 01011000 01001101 01100111 01011001 01011000 01001010 01111001 01100001 01011000 01011010 01101100 01011010 01000011 00110100 01110101 01001100 01101001 01000001 01101001 01010011 01011000 01001101 01100111 01100001 01011000 01010001 01100111 01011001 01010111 01111000 01111001 01011010 01010111 01000110 01101011 01100101 01010011 01000010 01101111 01011010 01011000 01001010 01101100 01010000 01111001 01001001 01100111 01001001 01000100 00111000 00101111 01010000 01111001 01000010 01101000 01100011 00110010 01110100 01101100 01011010 01000011 00110100 01100111 01001001 01101011 01101100 00110000 01001001 01000111 01101000 01101000 01100011 01111001 01000010 01101001 01011010 01010111 01100100 00110001 01100010 01101001 01001001 01100111 01010101 00110011 01000110 00110001 01100001 01010111 01010001 01110110 01010001 01101110 01001010 01110110 01100100 00110010 00110101 01110000 01011010 01010011 00111000 00101111 01010000 01111010 00111000 01100111 01100011 01101101 01010110 01111010 01100011 01000111 00111001 01110101 01011010 01000111 01010110 01101011 01001100 01101001 01000001 01101001 01010001 01101110 01010110 00110000 01001001 01000111 01101100 00110000 01001010 00110011 01001101 01100111 01100011 00110010 01101000 01110110 01100100 00110010 01101100 01110101 01011010 01111001 01000010 01110011 01100001 01010111 01011010 01101100 01011010 01101101 00111001 01111001 01100010 01010100 01101111 01100111 01001111 01000100 01100111 00110010 01001101 01010011 01000010 01110100 01011010 01011000 01001010 01101010 01100101 01010011 00110100 01101001


[01-Feb-22 07:50 PM] Squid#0064
@??


[01-Feb-22 08:35 PM] Squid#0064
:Pz8:


[01-Feb-22 08:35 PM] Squid#0064
@??


[01-Feb-22 08:50 PM] Squid#0064
00100010 01010111 01101000 01100001 01110100 00100000 01100001 01110010 01100101 00100000 01111001 01101111 01110101 00100000 01101000 01100101 01110010 01100101 00100000 01110011 01101001 01110010 00111111 00100010 00100000 01010011 01110001 01110101 01101001 01100100 00101111 01000010 01110010 01101111 01110111 01101110 01101001 01100101 00101111 00111111 00111111 00111111 00111111 00100000 00100010 00110100 00111001 00100000 00110010 00110000 00100000 00110110 00110001 00100000 00110110 01100100 00100000 00110010 00110000 00100000 00110110 00111000 00100000 00110110 00110101 00100000 00110111 00110010 00100000 00110110 00110101 00100000 00110010 00110000 00100000 00110111 00110100 00100000 00110110 01100110 00100000 00110010 00110000 00100000 00110111 00110111 00100000 00110110 00110001 00100000 00110111 00110100 00100000 00110110 00110011 00100000 00110110 00111000 00100000 00110010 00110000 00100000 00110111 00110011 00100000 00110111 00110101 00100000 00110110 00110010 00100000 00110110 01100001 00100000 00110110 00110101 00100000 00110110 00110011 00100000 00110111 00110100 00100000 00110011 01100001 00100000 00110010 00110000 00100000 00110011 00111000 00100000 00110011 00111000 00100000 00110011 00110110 00100000 00110011 00110001 00100010 00100000 01110100 01101000 01100101 00100000 01100011 01110010 01100101 01100001 01110100 01110101 01110010 01100101 00100000 01110010 01100101 01110011 01110000 01101111 01101110 01100100 01100101 01100100 00101110 00100000 00100010 01010111 01100101 01101100 01101100 00100000 01101001 01101110 00100000 01110100 01101000 01100001 01110100 00100000 01100011 01100001 01110011 01100101 00100000 01101101 01100001 01101011 01100101 00100000 01111001 01101111 01110101 01110010 01110011 01100101 01101100 01100110 00100000 01100001 01110100 00100000 01101000 01101111 01101101 01100101 00100010 00100000 01010011 01110001 01110101 01101001 01100100 00101111 01000010 01110010 01101111 01110111 01101110 01101001 01100101 00101111 00111111 00111111 00111111 00111111 00100000 01110010 01100101 01110011 01110000 01101111 01100100 01100101 01100100 00100000 01101000 01101111 01101100 01100100 01101001 01101110 01100111 00100000 01100001 00100000 01101100 01101111 01101110 01100111 00100000 01100100 01100001 01110010 01101011 00100000 01101111 01100010 01101010 01100101 01100011 01110100 00100000 01101001 01101110 00100000 01101000 01101001 01110011 00100000 01101000 01100001 01101110 01100100 00101110


[01-Feb-22 08:50 PM] Squid#0064
@??


[01-Feb-22 08:57 PM] pëp#1005
@??

{Attachments}
https://cdn.discordapp.com/attachments/938234002341511178/938251811742154752/Pz8....png


[26-Mar-22 10:24 PM] Squid#0064
The Alternate kingdom is sending supplies please stand by.


[29-Jul-22 12:50 AM] Squid#0064
https://youtube.com/shorts/9pwS-usdVsI?feature=share

{Embed}
Broogli
https://www.youtube.com/shorts/9pwS-usdVsI
THAT’S NOT A SMILER…. #backrooms
backrooms custom ending :)

#shorts #backrooms #broogli 



backrooms, backrooms endings, backrooms ending, backrooms entity, backrooms creature, backrooms level, backrooms explained
https://images-ext-1.discordapp.net/external/P10vA-rQk2Yktpyk6T9GeUcIVJkkqa2U1GNdQni1FWY/https/i.ytimg.com/vi/9pwS-usdVsI/maxresdefault.jpg


==============================================================
Exported 9 message(s)
==============================================================
